  -1.3532870e+02   6.7022100e+01
  -1.3394460e+02   6.6507400e+01
  -1.3262980e+02   6.5919100e+01
  -1.3193770e+02   6.5625000e+01
  -1.2993080e+02   6.5588200e+01
  -1.2833910e+02   6.5551500e+01
  -1.2716260e+02   6.5257400e+01
  -1.2612460e+02   6.5073500e+01
  -1.2543250e+02   6.4375000e+01
  -1.2501730e+02   6.3823500e+01
  -1.2460210e+02   6.3382400e+01
  -1.2425610e+02   6.2941200e+01
  -1.2397920e+02   6.2720600e+01
  -1.2370240e+02   6.2205900e+01
  -1.2342560e+02   6.1985300e+01
  -1.2349480e+02   6.1102900e+01
  -1.2363320e+02   6.0588200e+01
  -1.2384080e+02   5.9963200e+01
  -1.2391000e+02   5.9448500e+01
  -1.2411760e+02   5.8823500e+01
  -1.2432530e+02   5.8382400e+01
  -1.2439450e+02   5.8198500e+01
  -1.2384080e+02   5.7610300e+01
  -1.2328720e+02   5.7169100e+01
  -1.2280280e+02   5.6617600e+01
  -1.2224910e+02   5.6102900e+01
  -1.2190310e+02   5.5772100e+01
  -1.2134950e+02   5.5147100e+01
  -1.2086510e+02   5.4742600e+01
  -1.2058820e+02   5.4448500e+01
  -1.1989620e+02   5.4117600e+01
  -1.1885810e+02   5.3676500e+01
  -1.1809690e+02   5.3308800e+01
  -1.1726640e+02   5.2977900e+01
  -1.1636680e+02   5.2647100e+01
  -1.1581310e+02   5.1911800e+01
  -1.1519030e+02   5.1213200e+01
  -1.1415220e+02   5.0257400e+01
  -1.1366780e+02   4.9779400e+01
  -1.1304500e+02   4.9264700e+01
  -1.1296450e+02   4.8680800e+01
  -1.1291880e+02   4.8570100e+01
  -1.1255330e+02   4.8265700e+01
  -1.1227920e+02   4.8044300e+01
  -1.1205080e+02   4.7795200e+01
  -1.1177660e+02   4.7573800e+01
  -1.1154820e+02   4.7269400e+01
  -1.1122840e+02   4.7103300e+01
  -1.1090860e+02   4.6881900e+01
  -1.1058880e+02   4.6798900e+01
  -1.1022340e+02   4.6688200e+01
  -1.0972080e+02   4.6411400e+01
  -1.0944670e+02   4.6328400e+01
  -1.0908120e+02   4.6162400e+01
  -1.0853300e+02   4.5913300e+01
  -1.0807610e+02   4.5691900e+01
  -1.0793910e+02   4.5581200e+01
  -1.0775630e+02   4.5332100e+01
  -1.0752790e+02   4.5138400e+01
  -1.0739090e+02   4.5000000e+01
