  71.00 -145.00   60.88 
  72.00 -145.00   58.45 
  70.00 -144.00   60.70 
  71.00 -144.00   81.27 
  72.00 -144.00   70.86 
  73.00 -144.00   59.62 
  69.00 -143.00   60.52 
  70.00 -143.00   81.09 
  71.00 -143.00   94.50 
  72.00 -143.00   83.26 
  73.00 -143.00   72.02 
  68.00 -142.00   60.34 
  69.00 -142.00   80.91 
  70.00 -142.00  101.49 
  71.00 -142.00  106.90 
  72.00 -142.00   95.67 
  73.00 -142.00   73.75 
  67.00 -141.00   51.37 
  68.00 -141.00   79.76 
  69.00 -141.00  101.31 
  70.00 -141.00  121.88 
  71.00 -141.00  119.31 
  72.00 -141.00   97.55 
  73.00 -141.00   66.64 
  67.00 -140.00   63.29 
  68.00 -140.00   91.69 
  69.00 -140.00  120.08 
  70.00 -140.00  142.28 
  71.00 -140.00  121.35 
  72.00 -140.00   90.44 
  73.00 -140.00   59.54 
  67.00 -139.00   75.21 
  68.00 -139.00  103.61 
  69.00 -139.00  132.00 
  70.00 -139.00  144.54 
  71.00 -139.00  114.24 
  72.00 -139.00   83.34 
  73.00 -139.00   52.43 
  66.00 -138.00   58.73 
  67.00 -138.00   87.13 
  68.00 -138.00  115.48 
  69.00 -138.00  143.82 
  70.00 -138.00  134.43 
  71.00 -138.00  107.14 
  72.00 -138.00   76.23 
  66.00 -137.00   70.61 
  67.00 -137.00   98.95 
  68.00 -137.00  127.30 
  69.00 -137.00  151.01 
  70.00 -137.00  124.32 
  71.00 -137.00   97.64 
  72.00 -137.00   69.12 
  65.00 -136.00   54.08 
  66.00 -136.00   82.43 
  67.00 -136.00  110.77 
  68.00 -136.00  139.12 
  69.00 -136.00  140.90 
  70.00 -136.00  114.22 
  71.00 -136.00   87.53 
  72.00 -136.00   60.85 
  65.00 -135.00   65.90 
  66.00 -135.00   94.24 
  67.00 -135.00  122.59 
  68.00 -135.00  150.93 
  69.00 -135.00  130.80 
  70.00 -135.00  104.11 
  71.00 -135.00   77.43 
  72.00 -135.00   50.74 
  64.00 -134.00   52.29 
  65.00 -134.00   77.72 
  66.00 -134.00  106.06 
  67.00 -134.00  134.41 
  68.00 -134.00  147.38 
  69.00 -134.00  120.69 
  70.00 -134.00   94.01 
  71.00 -134.00   67.32 
  64.00 -133.00   67.16 
  65.00 -133.00   92.08 
  66.00 -133.00  117.88 
  67.00 -133.00  146.22 
  68.00 -133.00  137.27 
  69.00 -133.00  110.58 
  70.00 -133.00   83.90 
  71.00 -133.00   63.47 
  63.00 -132.00   57.10 
  64.00 -132.00   82.03 
  65.00 -132.00  106.95 
  66.00 -132.00  131.87 
  67.00 -132.00  153.85 
  68.00 -132.00  131.91 
  69.00 -132.00  114.12 
  70.00 -132.00   96.32 
  71.00 -132.00   78.53 
  72.00 -132.00   60.73 
  63.00 -131.00   71.68 
  64.00 -131.00   95.37 
  65.00 -131.00  119.06 
  66.00 -131.00  142.75 
  67.00 -131.00  156.72 
  68.00 -131.00  146.96 
  69.00 -131.00  129.17 
  70.00 -131.00  111.37 
  71.00 -131.00   93.58 
  72.00 -131.00   75.78 
  73.00 -131.00   51.96 
  62.00 -130.00   56.40 
  63.00 -130.00   80.09 
  64.00 -130.00  103.77 
  65.00 -130.00  127.46 
  66.00 -130.00  147.86 
  67.00 -130.00  155.93 
  68.00 -130.00  162.02 
  69.00 -130.00  144.22 
  70.00 -130.00  126.43 
  71.00 -130.00  108.63 
  72.00 -130.00   90.35 
  73.00 -130.00   63.42 
  62.00 -129.00   64.80 
  63.00 -129.00   88.49 
  64.00 -129.00  112.18 
  65.00 -129.00  135.87 
  66.00 -129.00  147.07 
  67.00 -129.00  155.14 
  68.00 -129.00  163.21 
  69.00 -129.00  159.27 
  70.00 -129.00  141.48 
  71.00 -129.00  123.68 
  72.00 -129.00  101.81 
  73.00 -129.00   74.88 
  61.00 -128.00   54.69 
  62.00 -128.00   73.20 
  63.00 -128.00   96.89 
  64.00 -128.00  120.58 
  65.00 -128.00  138.21 
  66.00 -128.00  146.28 
  67.00 -128.00  154.35 
  68.00 -128.00  162.42 
  69.00 -128.00  170.50 
  70.00 -128.00  156.53 
  71.00 -128.00  138.74 
  72.00 -128.00  113.27 
  73.00 -128.00   86.34 
  74.00 -128.00   59.41 
  60.00 -127.00   51.54 
  61.00 -127.00   68.59 
  62.00 -127.00   85.64 
  63.00 -127.00  105.29 
  64.00 -127.00  128.98 
  65.00 -127.00  137.42 
  66.00 -127.00  145.49 
  67.00 -127.00  153.56 
  68.00 -127.00  161.64 
  69.00 -127.00  169.71 
  71.00 -127.00  151.66 
  72.00 -127.00  124.73 
  73.00 -127.00   97.80 
  74.00 -127.00   70.87 
  60.00 -126.00   65.44 
  61.00 -126.00   82.48 
  62.00 -126.00   99.53 
  63.00 -126.00  116.58 
  64.00 -126.00  128.56 
  65.00 -126.00  136.63 
  66.00 -126.00  144.70 
  67.00 -126.00  152.77 
  68.00 -126.00  160.85 
  69.00 -126.00  168.92 
  71.00 -126.00  163.11 
  72.00 -126.00  136.18 
  73.00 -126.00  109.25 
  74.00 -126.00   82.32 
  75.00 -126.00   55.39 
  59.00 -125.00   55.27 
  60.00 -125.00   72.32 
  61.00 -125.00   89.37 
  62.00 -125.00  106.42 
  63.00 -125.00  119.93 
  64.00 -125.00  127.97 
  65.00 -125.00  136.04 
  66.00 -125.00  144.11 
  67.00 -125.00  152.18 
  68.00 -125.00  160.25 
  69.00 -125.00  168.32 
  71.00 -125.00  170.77 
  72.00 -125.00  143.84 
  73.00 -125.00  116.91 
  74.00 -125.00   89.98 
  75.00 -125.00   63.05 
  59.00 -124.00   62.15 
  60.00 -124.00   79.20 
  61.00 -124.00   96.25 
  62.00 -124.00  111.31 
  63.00 -124.00  119.35 
  64.00 -124.00  127.39 
  65.00 -124.00  135.44 
  66.00 -124.00  143.51 
  67.00 -124.00  151.58 
  68.00 -124.00  159.65 
  69.00 -124.00  167.73 
  72.00 -124.00  151.49 
  73.00 -124.00  124.56 
  74.00 -124.00   97.63 
  75.00 -124.00   70.70 
  58.00 -123.00   55.67 
  59.00 -123.00   69.03 
  60.00 -123.00   86.08 
  61.00 -123.00  102.70 
  62.00 -123.00  110.74 
  63.00 -123.00  118.78 
  64.00 -123.00  126.81 
  65.00 -123.00  134.85 
  66.00 -123.00  142.92 
  67.00 -123.00  150.99 
  68.00 -123.00  159.06 
  69.00 -123.00  164.58 
  70.00 -123.00  167.17 
  71.00 -123.00  169.75 
  72.00 -123.00  159.15 
  73.00 -123.00  132.22 
  74.00 -123.00  105.29 
  75.00 -123.00   78.36 
  57.00 -122.00   56.53 
  58.00 -122.00   67.50 
  59.00 -122.00   78.48 
  60.00 -122.00   92.96 
  61.00 -122.00  102.12 
  62.00 -122.00  110.16 
  63.00 -122.00  118.20 
  64.00 -122.00  126.24 
  65.00 -122.00  134.27 
  66.00 -122.00  142.32 
  67.00 -122.00  150.39 
  68.00 -122.00  158.04 
  69.00 -122.00  160.63 
  70.00 -122.00  163.21 
  71.00 -122.00  165.79 
  72.00 -122.00  166.80 
  73.00 -122.00  139.87 
  74.00 -122.00  112.94 
  75.00 -122.00   86.01 
  55.00 -121.00   51.49 
  56.00 -121.00   61.94 
  57.00 -121.00   72.39 
  58.00 -121.00   82.84 
  59.00 -121.00   93.29 
  60.00 -121.00   94.13 
  61.00 -121.00  101.31 
  62.00 -121.00  109.48 
  63.00 -121.00  117.62 
  64.00 -121.00  125.66 
  65.00 -121.00  133.70 
  66.00 -121.00  141.74 
  67.00 -121.00  149.79 
  68.00 -121.00  154.08 
  69.00 -121.00  156.67 
  70.00 -121.00  159.25 
  71.00 -121.00  161.84 
  72.00 -121.00  164.42 
  73.00 -121.00  147.53 
  74.00 -121.00  120.60 
  75.00 -121.00   92.07 
  54.00 -120.00   57.67 
  55.00 -120.00   67.83 
  56.00 -120.00   78.27 
  57.00 -120.00   88.72 
  58.00 -120.00   99.17 
  59.00 -120.00   98.70 
  60.00 -120.00   98.09 
  61.00 -120.00  100.04 
  62.00 -120.00  108.21 
  63.00 -120.00  116.38 
  64.00 -120.00  124.55 
  65.00 -120.00  132.72 
  66.00 -120.00  140.89 
  67.00 -120.00  147.90 
  68.00 -120.00  150.13 
  69.00 -120.00  152.71 
  70.00 -120.00  155.29 
  71.00 -120.00  157.88 
  72.00 -120.00  160.46 
  73.00 -120.00  155.18 
  74.00 -120.00  128.25 
  75.00 -120.00   90.11 
  52.00 -119.00   55.18 
  53.00 -119.00   65.10 
  54.00 -119.00   74.71 
  55.00 -119.00   84.31 
  56.00 -119.00   94.61 
  57.00 -119.00  103.87 
  58.00 -119.00  103.26 
  59.00 -119.00  102.66 
  60.00 -119.00  102.05 
  61.00 -119.00  101.45 
  62.00 -119.00  106.94 
  63.00 -119.00  115.11 
  64.00 -119.00  123.28 
  65.00 -119.00  131.45 
  66.00 -119.00  139.02 
  67.00 -119.00  144.84 
  68.00 -119.00  147.94 
  69.00 -119.00  149.75 
  70.00 -119.00  151.57 
  71.00 -119.00  153.92 
  72.00 -119.00  156.51 
  73.00 -119.00  159.09 
  74.00 -119.00  135.90 
  75.00 -119.00   88.14 
  51.00 -118.00   60.01 
  52.00 -118.00   72.38 
  53.00 -118.00   82.14 
  54.00 -118.00   91.74 
  55.00 -118.00  101.35 
  56.00 -118.00  108.46 
  57.00 -118.00  107.83 
  58.00 -118.00  107.22 
  59.00 -118.00  106.62 
  60.00 -118.00  106.02 
  61.00 -118.00  105.41 
  62.00 -118.00  105.66 
  63.00 -118.00  113.84 
  64.00 -118.00  122.01 
  65.00 -118.00  129.83 
  66.00 -118.00  135.65 
  67.00 -118.00  141.47 
  68.00 -118.00  146.17 
  69.00 -118.00  147.98 
  70.00 -118.00  149.79 
  71.00 -118.00  151.61 
  72.00 -118.00  153.42 
  73.00 -118.00  155.23 
  74.00 -118.00  135.71 
  75.00 -118.00   86.18 
  48.00 -117.00   58.11 
  49.00 -117.00   63.78 
  50.00 -117.00   68.65 
  51.00 -117.00   77.21 
  52.00 -117.00   89.56 
  53.00 -117.00   99.17 
  54.00 -117.00  108.77 
  55.00 -117.00  111.60 
  56.00 -117.00  112.02 
  57.00 -117.00  112.01 
  58.00 -117.00  111.32 
  59.00 -117.00  110.64 
  60.00 -117.00  109.98 
  61.00 -117.00  109.37 
  62.00 -117.00  108.77 
  63.00 -117.00  112.56 
  64.00 -117.00  120.64 
  65.00 -117.00  126.46 
  66.00 -117.00  132.28 
  67.00 -117.00  138.10 
  68.00 -117.00  143.92 
  69.00 -117.00  146.21 
  70.00 -117.00  148.02 
  71.00 -117.00  149.83 
  72.00 -117.00  151.64 
  73.00 -117.00  153.31 
  74.00 -117.00  133.75 
  75.00 -117.00   84.21 
  46.00 -116.00   54.68 
  47.00 -116.00   68.62 
  48.00 -116.00   82.56 
  49.00 -116.00   87.46 
  50.00 -116.00   92.33 
  51.00 -116.00   97.20 
  52.00 -116.00  106.60 
  53.00 -116.00  114.30 
  54.00 -116.00  114.72 
  55.00 -116.00  115.14 
  56.00 -116.00  115.56 
  57.00 -116.00  115.98 
  58.00 -116.00  115.56 
  59.00 -116.00  114.87 
  60.00 -116.00  114.19 
  61.00 -116.00  113.51 
  62.00 -116.00  112.82 
  63.00 -116.00  112.14 
  64.00 -116.00  117.27 
  65.00 -116.00  123.09 
  66.00 -116.00  128.91 
  67.00 -116.00  134.73 
  68.00 -116.00  140.55 
  69.00 -116.00  144.44 
  70.00 -116.00  146.25 
  71.00 -116.00  148.06 
  72.00 -116.00  149.87 
  73.00 -116.00  142.47 
  74.00 -116.00  131.53 
  75.00 -116.00   82.25 
  46.00 -115.00   76.57 
  47.00 -115.00   93.07 
  48.00 -115.00  106.26 
  49.00 -115.00  111.13 
  50.00 -115.00  116.01 
  51.00 -115.00  120.88 
  52.00 -115.00  117.25 
  53.00 -115.00  117.82 
  54.00 -115.00  118.27 
  55.00 -115.00  118.69 
  56.00 -115.00  119.11 
  57.00 -115.00  119.53 
  58.00 -115.00  119.79 
  59.00 -115.00  119.11 
  60.00 -115.00  118.42 
  61.00 -115.00  117.74 
  62.00 -115.00  116.75 
  63.00 -115.00  114.38 
  64.00 -115.00  115.37 
  65.00 -115.00  119.87 
  66.00 -115.00  125.54 
  67.00 -115.00  131.36 
  68.00 -115.00  137.18 
  69.00 -115.00  142.66 
  70.00 -115.00  144.48 
  71.00 -115.00  146.29 
  72.00 -115.00  142.57 
  73.00 -115.00  131.63 
  74.00 -115.00  120.69 
  75.00 -115.00   80.28 
  46.00 -114.00   80.36 
  47.00 -114.00  116.94 
  48.00 -114.00  129.94 
  49.00 -114.00  134.81 
  50.00 -114.00  132.21 
  51.00 -114.00  126.59 
  52.00 -114.00  121.44 
  53.00 -114.00  118.51 
  54.00 -114.00  119.92 
  55.00 -114.00  121.33 
  56.00 -114.00  122.65 
  57.00 -114.00  123.07 
  58.00 -114.00  123.49 
  59.00 -114.00  123.34 
  60.00 -114.00  122.65 
  61.00 -114.00  121.27 
  62.00 -114.00  118.90 
  63.00 -114.00  116.53 
  64.00 -114.00  114.63 
  65.00 -114.00  119.13 
  66.00 -114.00  123.62 
  67.00 -114.00  128.12 
  68.00 -114.00  133.81 
  69.00 -114.00  139.63 
  70.00 -114.00  142.70 
  71.00 -114.00  142.68 
  72.00 -114.00  131.74 
  73.00 -114.00  120.79 
  74.00 -114.00  109.85 
  75.00 -114.00   78.32 
  46.00 -113.00   84.15 
  47.00 -113.00  120.73 
  48.00 -113.00  147.43 
  49.00 -113.00  141.81 
  50.00 -113.00  136.19 
  51.00 -113.00  130.57 
  52.00 -113.00  125.63 
  53.00 -113.00  121.73 
  54.00 -113.00  120.60 
  55.00 -113.00  122.01 
  56.00 -113.00  123.42 
  57.00 -113.00  124.83 
  58.00 -113.00  126.24 
  59.00 -113.00  127.46 
  60.00 -113.00  125.78 
  61.00 -113.00  123.41 
  62.00 -113.00  121.04 
  63.00 -113.00  118.67 
  64.00 -113.00  116.30 
  65.00 -113.00  118.38 
  66.00 -113.00  122.88 
  67.00 -113.00  127.38 
  68.00 -113.00  131.88 
  69.00 -113.00  136.38 
  70.00 -113.00  140.93 
  71.00 -113.00  131.84 
  72.00 -113.00  120.90 
  73.00 -113.00  109.96 
  74.00 -113.00   99.01 
  75.00 -113.00   76.35 
  45.00 -112.00   51.38 
  46.00 -112.00   88.30 
  47.00 -112.00  125.23 
  48.00 -112.00  147.54 
  49.00 -112.00  145.79 
  50.00 -112.00  140.18 
  51.00 -112.00  134.56 
  52.00 -112.00  129.82 
  53.00 -112.00  125.93 
  54.00 -112.00  122.03 
  55.00 -112.00  122.70 
  56.00 -112.00  124.11 
  57.00 -112.00  125.52 
  58.00 -112.00  126.92 
  59.00 -112.00  128.30 
  60.00 -112.00  128.02 
  61.00 -112.00  125.55 
  62.00 -112.00  123.18 
  63.00 -112.00  120.81 
  64.00 -112.00  118.44 
  65.00 -112.00  117.64 
  66.00 -112.00  122.14 
  67.00 -112.00  126.64 
  68.00 -112.00  131.14 
  69.00 -112.00  135.64 
  70.00 -112.00  138.48 
  71.00 -112.00  121.00 
  72.00 -112.00  110.06 
  73.00 -112.00   99.12 
  74.00 -112.00   88.18 
  75.00 -112.00   74.39 
  45.00 -111.00   55.98 
  46.00 -111.00   92.91 
  47.00 -111.00  129.83 
  48.00 -111.00  147.00 
  49.00 -111.00  147.76 
  50.00 -111.00  144.16 
  51.00 -111.00  138.54 
  52.00 -111.00  134.01 
  53.00 -111.00  130.12 
  54.00 -111.00  126.22 
  55.00 -111.00  123.38 
  56.00 -111.00  124.79 
  57.00 -111.00  126.18 
  58.00 -111.00  127.55 
  59.00 -111.00  128.93 
  60.00 -111.00  130.31 
  61.00 -111.00  127.90 
  62.00 -111.00  125.40 
  63.00 -111.00  122.95 
  64.00 -111.00  120.58 
  65.00 -111.00  118.21 
  66.00 -111.00  121.40 
  67.00 -111.00  125.90 
  68.00 -111.00  130.40 
  69.00 -111.00  133.07 
  70.00 -111.00  135.47 
  71.00 -111.00  117.18 
  72.00 -111.00   99.22 
  73.00 -111.00   88.28 
  74.00 -111.00   77.34 
  75.00 -111.00   66.40 
  45.00 -110.00   60.58 
  46.00 -110.00   97.51 
  47.00 -110.00  134.43 
  48.00 -110.00  146.46 
  49.00 -110.00  147.22 
  50.00 -110.00  147.98 
  51.00 -110.00  142.52 
  52.00 -110.00  138.21 
  53.00 -110.00  134.31 
  54.00 -110.00  130.41 
  55.00 -110.00  125.46 
  56.00 -110.00  125.43 
  57.00 -110.00  126.81 
  58.00 -110.00  128.19 
  59.00 -110.00  129.57 
  60.00 -110.00  130.95 
  61.00 -110.00  130.29 
  62.00 -110.00  127.78 
  63.00 -110.00  125.28 
  64.00 -110.00  122.77 
  65.00 -110.00  120.36 
  66.00 -110.00  120.66 
  67.00 -110.00  125.16 
  68.00 -110.00  127.65 
  69.00 -110.00  130.06 
  70.00 -110.00  132.46 
  71.00 -110.00  121.32 
  72.00 -110.00   95.28 
  73.00 -110.00   77.44 
  74.00 -110.00   66.50 
  75.00 -110.00   55.56 
  43.00 -109.00   51.13 
  44.00 -109.00   62.34 
  45.00 -109.00   74.13 
  46.00 -109.00  102.11 
  47.00 -109.00  139.04 
  48.00 -109.00  145.92 
  49.00 -109.00  146.68 
  50.00 -109.00  147.44 
  51.00 -109.00  146.50 
  52.00 -109.00  142.40 
  53.00 -109.00  137.25 
  54.00 -109.00  132.02 
  55.00 -109.00  127.30 
  56.00 -109.00  128.90 
  57.00 -109.00  128.60 
  58.00 -109.00  128.82 
  59.00 -109.00  130.20 
  60.00 -109.00  131.58 
  61.00 -109.00  132.68 
  62.00 -109.00  130.17 
  63.00 -109.00  127.66 
  64.00 -109.00  125.16 
  65.00 -109.00  122.65 
  66.00 -109.00  120.06 
  67.00 -109.00  122.24 
  68.00 -109.00  124.64 
  69.00 -109.00  127.05 
  70.00 -109.00  129.46 
  71.00 -109.00  125.45 
  72.00 -109.00   99.42 
  73.00 -109.00   73.38 
  74.00 -109.00   55.66 
  41.00 -108.00   58.22 
  42.00 -108.00   66.29 
  43.00 -108.00   74.36 
  44.00 -108.00   86.15 
  45.00 -108.00   97.94 
  46.00 -108.00  109.73 
  47.00 -108.00  143.64 
  48.00 -108.00  145.39 
  49.00 -108.00  146.15 
  50.00 -108.00  146.92 
  51.00 -108.00  147.63 
  52.00 -108.00  143.81 
  53.00 -108.00  138.58 
  54.00 -108.00  133.35 
  55.00 -108.00  129.79 
  56.00 -108.00  131.67 
  57.00 -108.00  132.17 
  58.00 -108.00  131.87 
  59.00 -108.00  131.56 
  60.00 -108.00  132.21 
  61.00 -108.00  133.59 
  62.00 -108.00  132.56 
  63.00 -108.00  130.05 
  64.00 -108.00  127.54 
  65.00 -108.00  124.31 
  66.00 -108.00  120.63 
  67.00 -108.00  119.36 
  68.00 -108.00  121.63 
  69.00 -108.00  124.04 
  70.00 -108.00  126.45 
  71.00 -108.00  128.85 
  72.00 -108.00  103.55 
  73.00 -108.00   77.51 
  74.00 -108.00   51.48 
  41.00 -107.00   68.16 
  42.00 -107.00   89.52 
  43.00 -107.00   98.17 
  44.00 -107.00  109.96 
  45.00 -107.00  121.75 
  46.00 -107.00  133.54 
  47.00 -107.00  144.09 
  48.00 -107.00  144.88 
  49.00 -107.00  145.67 
  50.00 -107.00  146.45 
  51.00 -107.00  146.80 
  52.00 -107.00  145.13 
  53.00 -107.00  139.90 
  54.00 -107.00  134.67 
  55.00 -107.00  132.29 
  56.00 -107.00  134.17 
  57.00 -107.00  135.74 
  58.00 -107.00  135.43 
  59.00 -107.00  135.13 
  60.00 -107.00  134.83 
  61.00 -107.00  134.53 
  62.00 -107.00  134.94 
  63.00 -107.00  132.24 
  64.00 -107.00  128.56 
  65.00 -107.00  124.88 
  66.00 -107.00  121.20 
  67.00 -107.00  118.96 
  68.00 -107.00  118.73 
  69.00 -107.00  121.03 
  70.00 -107.00  123.44 
  71.00 -107.00  125.85 
  72.00 -107.00  107.69 
  73.00 -107.00   81.65 
  74.00 -107.00   55.61 
  41.00 -106.00   73.14 
  42.00 -106.00  103.25 
  43.00 -106.00  121.98 
  44.00 -106.00  128.60 
  45.00 -106.00  129.59 
  46.00 -106.00  130.58 
  47.00 -106.00  136.36 
  48.00 -106.00  144.41 
  49.00 -106.00  145.20 
  50.00 -106.00  145.99 
  51.00 -106.00  145.96 
  52.00 -106.00  144.76 
  53.00 -106.00  141.23 
  54.00 -106.00  136.00 
  55.00 -106.00  134.79 
  56.00 -106.00  136.67 
  57.00 -106.00  138.55 
  58.00 -106.00  139.00 
  59.00 -106.00  138.70 
  60.00 -106.00  138.40 
  61.00 -106.00  138.10 
  62.00 -106.00  135.29 
  63.00 -106.00  132.81 
  64.00 -106.00  129.13 
  65.00 -106.00  125.44 
  66.00 -106.00  121.76 
  67.00 -106.00  118.56 
  68.00 -106.00  118.33 
  69.00 -106.00  118.11 
  70.00 -106.00  120.43 
  71.00 -106.00  122.84 
  72.00 -106.00  111.82 
  73.00 -106.00   85.78 
  74.00 -106.00   59.75 
  41.00 -105.00   74.19 
  42.00 -105.00  101.44 
  43.00 -105.00  115.10 
  44.00 -105.00  116.04 
  45.00 -105.00  117.03 
  46.00 -105.00  118.01 
  47.00 -105.00  126.85 
  48.00 -105.00  143.00 
  49.00 -105.00  144.74 
  50.00 -105.00  145.53 
  51.00 -105.00  145.13 
  52.00 -105.00  143.92 
  53.00 -105.00  142.55 
  54.00 -105.00  137.32 
  55.00 -105.00  137.29 
  56.00 -105.00  139.17 
  57.00 -105.00  141.04 
  58.00 -105.00  142.57 
  59.00 -105.00  141.99 
  60.00 -105.00  139.18 
  61.00 -105.00  136.36 
  62.00 -105.00  133.55 
  63.00 -105.00  131.64 
  64.00 -105.00  129.69 
  65.00 -105.00  126.01 
  66.00 -105.00  122.33 
  67.00 -105.00  118.64 
  68.00 -105.00  117.93 
  69.00 -105.00  117.71 
  70.00 -105.00  117.48 
  71.00 -105.00  119.83 
  72.00 -105.00  115.96 
  73.00 -105.00   89.92 
  74.00 -105.00   63.88 
  41.00 -104.00   67.50 
  42.00 -104.00   94.75 
  43.00 -104.00  102.78 
  44.00 -104.00  103.48 
  45.00 -104.00  104.46 
  46.00 -104.00  105.45 
  47.00 -104.00  117.35 
  48.00 -104.00  133.49 
  49.00 -104.00  144.27 
  50.00 -104.00  145.06 
  51.00 -104.00  144.29 
  52.00 -104.00  143.09 
  53.00 -104.00  141.88 
  54.00 -104.00  138.65 
  55.00 -104.00  139.79 
  56.00 -104.00  141.66 
  57.00 -104.00  143.29 
  58.00 -104.00  144.45 
  59.00 -104.00  140.25 
  60.00 -104.00  137.43 
  61.00 -104.00  134.62 
  62.00 -104.00  131.80 
  63.00 -104.00  129.30 
  64.00 -104.00  128.40 
  65.00 -104.00  126.57 
  66.00 -104.00  122.89 
  67.00 -104.00  119.21 
  68.00 -104.00  117.53 
  69.00 -104.00  117.31 
  70.00 -104.00  117.08 
  71.00 -104.00  116.86 
  72.00 -104.00  119.23 
  73.00 -104.00   94.05 
  74.00 -104.00   67.16 
  41.00 -103.00   60.81 
  42.00 -103.00   88.07 
  43.00 -103.00   90.47 
  44.00 -103.00   91.07 
  45.00 -103.00   91.90 
  46.00 -103.00   92.89 
  47.00 -103.00  107.84 
  48.00 -103.00  123.99 
  49.00 -103.00  140.13 
  50.00 -103.00  144.60 
  51.00 -103.00  143.46 
  52.00 -103.00  142.25 
  53.00 -103.00  141.05 
  54.00 -103.00  140.16 
  55.00 -103.00  141.71 
  56.00 -103.00  143.18 
  57.00 -103.00  144.65 
  58.00 -103.00  145.10 
  59.00 -103.00  141.42 
  60.00 -103.00  135.69 
  61.00 -103.00  132.87 
  62.00 -103.00  130.06 
  63.00 -103.00  127.24 
  64.00 -103.00  126.06 
  65.00 -103.00  125.16 
  66.00 -103.00  123.46 
  67.00 -103.00  119.77 
  68.00 -103.00  117.13 
  69.00 -103.00  116.91 
  70.00 -103.00  116.68 
  71.00 -103.00  116.46 
  72.00 -103.00  116.23 
  73.00 -103.00   96.52 
  74.00 -103.00   62.70 
  41.00 -102.00   54.12 
  42.00 -102.00   77.54 
  43.00 -102.00   78.15 
  44.00 -102.00   78.75 
  45.00 -102.00   79.36 
  46.00 -102.00   82.19 
  47.00 -102.00   98.33 
  48.00 -102.00  114.48 
  49.00 -102.00  130.62 
  50.00 -102.00  143.77 
  51.00 -102.00  141.85 
  52.00 -102.00  139.93 
  53.00 -102.00  138.01 
  54.00 -102.00  139.06 
  55.00 -102.00  143.07 
  56.00 -102.00  144.54 
  57.00 -102.00  146.01 
  58.00 -102.00  145.75 
  59.00 -102.00  143.65 
  60.00 -102.00  137.28 
  61.00 -102.00  131.13 
  62.00 -102.00  128.31 
  63.00 -102.00  125.50 
  64.00 -102.00  123.72 
  65.00 -102.00  122.82 
  66.00 -102.00  121.92 
  67.00 -102.00  120.34 
  68.00 -102.00  116.74 
  69.00 -102.00  116.51 
  70.00 -102.00  116.28 
  71.00 -102.00  116.06 
  72.00 -102.00  112.45 
  73.00 -102.00   92.06 
  74.00 -102.00   58.25 
  42.00 -101.00   65.23 
  43.00 -101.00   65.83 
  44.00 -101.00   66.44 
  45.00 -101.00   67.04 
  46.00 -101.00   72.85 
  47.00 -101.00   89.31 
  48.00 -101.00  105.77 
  49.00 -101.00  122.23 
  50.00 -101.00  136.72 
  51.00 -101.00  138.47 
  52.00 -101.00  136.55 
  53.00 -101.00  134.63 
  54.00 -101.00  137.97 
  55.00 -101.00  144.43 
  56.00 -101.00  145.90 
  57.00 -101.00  147.37 
  58.00 -101.00  146.40 
  59.00 -101.00  144.55 
  60.00 -101.00  139.51 
  61.00 -101.00  133.15 
  62.00 -101.00  126.78 
  63.00 -101.00  123.76 
  64.00 -101.00  121.37 
  65.00 -101.00  120.48 
  66.00 -101.00  119.58 
  67.00 -101.00  118.68 
  68.00 -101.00  117.22 
  69.00 -101.00  116.11 
  70.00 -101.00  113.55 
  71.00 -101.00  108.74 
  72.00 -101.00  103.94 
  73.00 -101.00   87.61 
  74.00 -101.00   53.79 
  41.00 -100.00   50.06 
  42.00 -100.00   56.93 
  43.00 -100.00   59.53 
  44.00 -100.00   62.13 
  45.00 -100.00   64.73 
  46.00 -100.00   67.45 
  47.00 -100.00   81.21 
  48.00 -100.00   97.67 
  49.00 -100.00  114.13 
  50.00 -100.00  127.38 
  51.00 -100.00  135.09 
  52.00 -100.00  133.17 
  53.00 -100.00  131.25 
  54.00 -100.00  136.87 
  55.00 -100.00  144.60 
  56.00 -100.00  147.26 
  57.00 -100.00  148.73 
  58.00 -100.00  147.04 
  59.00 -100.00  145.19 
  60.00 -100.00  141.74 
  61.00 -100.00  135.37 
  62.00 -100.00  129.01 
  63.00 -100.00  122.64 
  64.00 -100.00  119.20 
  65.00 -100.00  118.13 
  66.00 -100.00  117.24 
  67.00 -100.00  116.34 
  68.00 -100.00  115.91 
  69.00 -100.00  109.84 
  70.00 -100.00  105.03 
  71.00 -100.00  100.23 
  72.00 -100.00   95.43 
  73.00 -100.00   83.15 
  41.00  -99.00   52.96 
  42.00  -99.00   55.82 
  43.00  -99.00   58.10 
  44.00  -99.00   60.70 
  45.00  -99.00   63.30 
  46.00  -99.00   66.07 
  47.00  -99.00   73.10 
  48.00  -99.00   89.57 
  49.00  -99.00  106.03 
  50.00  -99.00  118.05 
  51.00  -99.00  129.66 
  52.00  -99.00  129.79 
  53.00  -99.00  128.05 
  54.00  -99.00  135.78 
  55.00  -99.00  143.50 
  56.00  -99.00  148.62 
  57.00  -99.00  149.54 
  58.00  -99.00  147.69 
  59.00  -99.00  145.84 
  60.00  -99.00  143.97 
  61.00  -99.00  137.60 
  62.00  -99.00  131.24 
  63.00  -99.00  124.87 
  64.00  -99.00  118.51 
  65.00  -99.00  115.97 
  66.00  -99.00  115.83 
  67.00  -99.00  115.69 
  68.00  -99.00  115.55 
  69.00  -99.00  105.85 
  70.00  -99.00   96.52 
  71.00  -99.00   91.72 
  72.00  -99.00   86.91 
  73.00  -99.00   78.70 
  41.00  -98.00   54.37 
  42.00  -98.00   55.31 
  43.00  -98.00   56.67 
  44.00  -98.00   59.27 
  45.00  -98.00   61.90 
  46.00  -98.00   64.69 
  47.00  -98.00   67.49 
  48.00  -98.00   81.47 
  49.00  -98.00   97.11 
  50.00  -98.00  108.72 
  51.00  -98.00  120.32 
  52.00  -98.00  126.41 
  53.00  -98.00  126.96 
  54.00  -98.00  134.68 
  55.00  -98.00  142.41 
  56.00  -98.00  149.98 
  57.00  -98.00  150.19 
  58.00  -98.00  148.34 
  59.00  -98.00  146.49 
  60.00  -98.00  144.64 
  61.00  -98.00  139.83 
  62.00  -98.00  132.73 
  63.00  -98.00  125.38 
  64.00  -98.00  118.03 
  65.00  -98.00  115.61 
  66.00  -98.00  115.47 
  67.00  -98.00  115.33 
  68.00  -98.00  115.19 
  69.00  -98.00  110.23 
  70.00  -98.00   88.00 
  71.00  -98.00   83.20 
  72.00  -98.00   78.40 
  73.00  -98.00   73.59 
  41.00  -97.00   53.86 
  42.00  -97.00   54.80 
  43.00  -97.00   55.73 
  44.00  -97.00   57.84 
  45.00  -97.00   60.52 
  46.00  -97.00   63.32 
  47.00  -97.00   66.11 
  48.00  -97.00   73.36 
  49.00  -97.00   87.78 
  50.00  -97.00   99.39 
  51.00  -97.00  110.99 
  52.00  -97.00  122.60 
  53.00  -97.00  125.86 
  54.00  -97.00  133.59 
  55.00  -97.00  141.31 
  56.00  -97.00  149.03 
  57.00  -97.00  150.79 
  58.00  -97.00  148.80 
  59.00  -97.00  146.81 
  60.00  -97.00  144.82 
  61.00  -97.00  138.72 
  62.00  -97.00  131.37 
  63.00  -97.00  124.02 
  64.00  -97.00  116.79 
  65.00  -97.00  115.16 
  66.00  -97.00  115.11 
  67.00  -97.00  114.97 
  68.00  -97.00  114.83 
  69.00  -97.00  114.61 
  70.00  -97.00   86.35 
  71.00  -97.00   74.69 
  72.00  -97.00   69.88 
  73.00  -97.00   65.08 
  41.00  -96.00   53.35 
  42.00  -96.00   54.28 
  43.00  -96.00   55.22 
  44.00  -96.00   56.41 
  45.00  -96.00   59.14 
  46.00  -96.00   61.94 
  47.00  -96.00   64.74 
  48.00  -96.00   67.54 
  49.00  -96.00   78.45 
  50.00  -96.00   90.11 
  51.00  -96.00  103.25 
  52.00  -96.00  116.39 
  53.00  -96.00  124.75 
  54.00  -96.00  132.46 
  55.00  -96.00  140.18 
  56.00  -96.00  147.89 
  57.00  -96.00  150.76 
  58.00  -96.00  148.77 
  59.00  -96.00  146.78 
  60.00  -96.00  144.46 
  61.00  -96.00  137.35 
  62.00  -96.00  130.00 
  63.00  -96.00  122.65 
  64.00  -96.00  116.75 
  65.00  -96.00  114.73 
  66.00  -96.00  114.70 
  67.00  -96.00  114.61 
  68.00  -96.00  114.47 
  69.00  -96.00  114.33 
  70.00  -96.00   90.73 
  71.00  -96.00   66.17 
  72.00  -96.00   61.37 
  73.00  -96.00   56.57 
  40.00  -95.00   50.76 
  41.00  -95.00   53.93 
  42.00  -95.00   55.77 
  43.00  -95.00   57.62 
  44.00  -95.00   59.46 
  45.00  -95.00   60.13 
  46.00  -95.00   63.46 
  47.00  -95.00   66.79 
  48.00  -95.00   70.13 
  49.00  -95.00   79.84 
  50.00  -95.00   92.98 
  51.00  -95.00  106.13 
  52.00  -95.00  118.63 
  53.00  -95.00  123.59 
  54.00  -95.00  131.31 
  55.00  -95.00  139.02 
  56.00  -95.00  146.23 
  57.00  -95.00  150.72 
  58.00  -95.00  148.73 
  59.00  -95.00  146.74 
  60.00  -95.00  143.03 
  61.00  -95.00  135.97 
  62.00  -95.00  128.64 
  63.00  -95.00  121.29 
  64.00  -95.00  116.70 
  65.00  -95.00  114.68 
  66.00  -95.00  114.25 
  67.00  -95.00  114.25 
  68.00  -95.00  114.11 
  69.00  -95.00  113.97 
  70.00  -95.00   95.11 
  71.00  -95.00   66.86 
  72.00  -95.00   52.85 
  41.00  -94.00   64.22 
  42.00  -94.00   66.06 
  43.00  -94.00   67.91 
  44.00  -94.00   67.68 
  45.00  -94.00   63.98 
  46.00  -94.00   67.31 
  47.00  -94.00   70.64 
  48.00  -94.00   75.13 
  49.00  -94.00   82.72 
  50.00  -94.00   95.86 
  51.00  -94.00  109.00 
  52.00  -94.00  118.63 
  53.00  -94.00  122.67 
  54.00  -94.00  130.16 
  55.00  -94.00  137.87 
  56.00  -94.00  144.28 
  57.00  -94.00  149.33 
  58.00  -94.00  148.70 
  59.00  -94.00  146.71 
  60.00  -94.00  141.60 
  61.00  -94.00  134.54 
  62.00  -94.00  127.27 
  63.00  -94.00  119.92 
  64.00  -94.00  116.65 
  65.00  -94.00  114.64 
  66.00  -94.00  113.80 
  67.00  -94.00  113.80 
  68.00  -94.00  113.75 
  69.00  -94.00  113.61 
  70.00  -94.00   99.49 
  71.00  -94.00   71.23 
  41.00  -93.00   73.75 
  42.00  -93.00   76.35 
  43.00  -93.00   78.20 
  44.00  -93.00   75.37 
  45.00  -93.00   69.32 
  46.00  -93.00   71.16 
  47.00  -93.00   74.49 
  48.00  -93.00   80.19 
  49.00  -93.00   87.26 
  50.00  -93.00   98.74 
  51.00  -93.00  111.88 
  52.00  -93.00  118.64 
  53.00  -93.00  122.67 
  54.00  -93.00  129.00 
  55.00  -93.00  136.72 
  56.00  -93.00  142.34 
  57.00  -93.00  147.38 
  58.00  -93.00  148.66 
  59.00  -93.00  146.67 
  60.00  -93.00  140.17 
  61.00  -93.00  133.10 
  62.00  -93.00  125.91 
  63.00  -93.00  118.62 
  64.00  -93.00  116.61 
  65.00  -93.00  114.59 
  66.00  -93.00  113.35 
  67.00  -93.00  113.35 
  68.00  -93.00  113.35 
  69.00  -93.00  113.25 
  70.00  -93.00  103.87 
  71.00  -93.00   75.61 
  41.00  -92.00   72.24 
  42.00  -92.00   86.64 
  43.00  -92.00   88.48 
  44.00  -92.00   83.07 
  45.00  -92.00   77.02 
  46.00  -92.00   75.01 
  47.00  -92.00   78.34 
  48.00  -92.00   85.26 
  49.00  -92.00   92.32 
  50.00  -92.00  101.61 
  51.00  -92.00  114.61 
  52.00  -92.00  118.64 
  53.00  -92.00  122.68 
  54.00  -92.00  127.85 
  55.00  -92.00  135.34 
  56.00  -92.00  140.39 
  57.00  -92.00  145.43 
  58.00  -92.00  148.63 
  59.00  -92.00  145.79 
  60.00  -92.00  138.73 
  61.00  -92.00  131.67 
  62.00  -92.00  124.54 
  63.00  -92.00  118.58 
  64.00  -92.00  116.56 
  65.00  -92.00  114.54 
  66.00  -92.00  112.90 
  67.00  -92.00  112.90 
  68.00  -92.00  112.90 
  69.00  -92.00  112.89 
  70.00  -92.00  108.24 
  71.00  -92.00   79.99 
  72.00  -92.00   51.74 
  41.00  -91.00   70.73 
  42.00  -91.00   96.93 
  43.00  -91.00   96.82 
  44.00  -91.00   90.76 
  45.00  -91.00   84.71 
  46.00  -91.00   78.86 
  47.00  -91.00   83.25 
  48.00  -91.00   90.32 
  49.00  -91.00   97.38 
  50.00  -91.00  104.49 
  51.00  -91.00  114.61 
  52.00  -91.00  118.64 
  53.00  -91.00  122.68 
  54.00  -91.00  126.71 
  55.00  -91.00  133.39 
  56.00  -91.00  138.44 
  57.00  -91.00  143.48 
  58.00  -91.00  148.53 
  59.00  -91.00  144.36 
  60.00  -91.00  137.30 
  61.00  -91.00  130.24 
  62.00  -91.00  123.18 
  63.00  -91.00  118.53 
  64.00  -91.00  116.51 
  65.00  -91.00  114.49 
  66.00  -91.00  112.48 
  67.00  -91.00  112.45 
  68.00  -91.00  112.45 
  69.00  -91.00  112.45 
  70.00  -91.00  112.39 
  71.00  -91.00   84.37 
  72.00  -91.00   56.11 
  41.00  -90.00   69.21 
  42.00  -90.00   96.45 
  43.00  -90.00  104.51 
  44.00  -90.00   98.46 
  45.00  -90.00   92.41 
  46.00  -90.00   86.35 
  47.00  -90.00   88.32 
  48.00  -90.00   95.38 
  49.00  -90.00  102.44 
  50.00  -90.00  109.51 
  51.00  -90.00  114.61 
  52.00  -90.00  118.65 
  53.00  -90.00  122.68 
  54.00  -90.00  126.72 
  55.00  -90.00  131.44 
  56.00  -90.00  136.49 
  57.00  -90.00  141.53 
  58.00  -90.00  146.58 
  59.00  -90.00  142.93 
  60.00  -90.00  135.87 
  61.00  -90.00  128.81 
  62.00  -90.00  121.74 
  63.00  -90.00  118.48 
  64.00  -90.00  116.46 
  65.00  -90.00  114.45 
  66.00  -90.00  112.43 
  67.00  -90.00  112.00 
  68.00  -90.00  112.00 
  69.00  -90.00  112.00 
  70.00  -90.00  112.00 
  71.00  -90.00   88.75 
  72.00  -90.00   60.49 
  41.00  -89.00   71.52 
  42.00  -89.00   98.18 
  43.00  -89.00  106.50 
  44.00  -89.00  100.45 
  45.00  -89.00   94.39 
  46.00  -89.00   88.40 
  47.00  -89.00   88.09 
  48.00  -89.00   95.16 
  49.00  -89.00  102.22 
  50.00  -89.00  109.31 
  51.00  -89.00  117.78 
  52.00  -89.00  121.82 
  53.00  -89.00  125.85 
  54.00  -89.00  129.89 
  55.00  -89.00  132.81 
  56.00  -89.00  137.86 
  57.00  -89.00  142.91 
  58.00  -89.00  147.95 
  59.00  -89.00  141.27 
  60.00  -89.00  134.21 
  61.00  -89.00  127.15 
  62.00  -89.00  120.09 
  63.00  -89.00  116.73 
  64.00  -89.00  114.71 
  65.00  -89.00  112.69 
  66.00  -89.00  110.67 
  67.00  -89.00  110.65 
  68.00  -89.00  110.65 
  69.00  -89.00  110.65 
  70.00  -89.00  110.84 
  71.00  -89.00   82.83 
  72.00  -89.00   54.58 
  41.00  -88.00   73.83 
  42.00  -88.00   93.90 
  43.00  -88.00  106.95 
  44.00  -88.00  102.43 
  45.00  -88.00   96.38 
  46.00  -88.00   91.53 
  47.00  -88.00   88.28 
  48.00  -88.00   94.93 
  49.00  -88.00  102.00 
  50.00  -88.00  110.38 
  51.00  -88.00  120.96 
  52.00  -88.00  124.99 
  53.00  -88.00  129.03 
  54.00  -88.00  132.30 
  55.00  -88.00  134.19 
  56.00  -88.00  139.23 
  57.00  -88.00  144.28 
  58.00  -88.00  146.27 
  59.00  -88.00  139.62 
  60.00  -88.00  132.56 
  61.00  -88.00  125.50 
  62.00  -88.00  118.96 
  63.00  -88.00  114.97 
  64.00  -88.00  112.95 
  65.00  -88.00  110.93 
  66.00  -88.00  109.30 
  67.00  -88.00  109.30 
  68.00  -88.00  109.30 
  69.00  -88.00  109.34 
  70.00  -88.00  105.17 
  71.00  -88.00   76.91 
  41.00  -87.00   76.14 
  42.00  -87.00   89.61 
  43.00  -87.00  102.66 
  44.00  -87.00  104.42 
  45.00  -87.00   98.37 
  46.00  -87.00   94.67 
  47.00  -87.00   91.41 
  48.00  -87.00   94.71 
  49.00  -87.00  101.77 
  50.00  -87.00  111.46 
  51.00  -87.00  122.14 
  52.00  -87.00  128.16 
  53.00  -87.00  132.20 
  54.00  -87.00  134.71 
  55.00  -87.00  136.30 
  56.00  -87.00  140.61 
  57.00  -87.00  145.65 
  58.00  -87.00  144.48 
  59.00  -87.00  137.91 
  60.00  -87.00  130.90 
  61.00  -87.00  123.84 
  62.00  -87.00  117.86 
  63.00  -87.00  113.21 
  64.00  -87.00  111.20 
  65.00  -87.00  109.18 
  66.00  -87.00  107.94 
  67.00  -87.00  107.94 
  68.00  -87.00  107.94 
  69.00  -87.00  108.26 
  70.00  -87.00   99.25 
  71.00  -87.00   71.00 
  40.00  -86.00   51.21 
  41.00  -86.00   72.28 
  42.00  -86.00   85.33 
  43.00  -86.00   98.38 
  44.00  -86.00  106.41 
  45.00  -86.00  101.06 
  46.00  -86.00   97.80 
  47.00  -86.00   94.54 
  48.00  -86.00   94.49 
  49.00  -86.00  101.86 
  50.00  -86.00  112.54 
  51.00  -86.00  123.22 
  52.00  -86.00  131.34 
  53.00  -86.00  135.37 
  54.00  -86.00  137.11 
  55.00  -86.00  138.71 
  56.00  -86.00  141.98 
  57.00  -86.00  147.03 
  58.00  -86.00  142.69 
  59.00  -86.00  136.12 
  60.00  -86.00  129.25 
  61.00  -86.00  122.18 
  62.00  -86.00  116.77 
  63.00  -86.00  112.08 
  64.00  -86.00  109.44 
  65.00  -86.00  107.42 
  66.00  -86.00  106.59 
  67.00  -86.00  106.59 
  68.00  -86.00  106.76 
  69.00  -86.00  107.18 
  70.00  -86.00   93.33 
  71.00  -86.00   65.08 
  40.00  -85.00   54.67 
  41.00  -85.00   67.99 
  42.00  -85.00   81.04 
  43.00  -85.00   94.09 
  44.00  -85.00  107.14 
  45.00  -85.00  104.19 
  46.00  -85.00  100.93 
  47.00  -85.00   97.68 
  48.00  -85.00   94.42 
  49.00  -85.00  102.94 
  50.00  -85.00  113.61 
  51.00  -85.00  124.29 
  52.00  -85.00  134.51 
  53.00  -85.00  137.93 
  54.00  -85.00  139.52 
  55.00  -85.00  141.11 
  56.00  -85.00  143.35 
  57.00  -85.00  147.48 
  58.00  -85.00  140.91 
  59.00  -85.00  134.33 
  60.00  -85.00  127.59 
  61.00  -85.00  120.53 
  62.00  -85.00  115.67 
  63.00  -85.00  110.99 
  64.00  -85.00  107.68 
  65.00  -85.00  105.67 
  66.00  -85.00  105.24 
  67.00  -85.00  105.26 
  68.00  -85.00  105.68 
  69.00  -85.00  106.09 
  70.00  -85.00   87.42 
  71.00  -85.00   59.16 
  40.00  -84.00   52.92 
  41.00  -84.00   67.24 
  42.00  -84.00   79.96 
  43.00  -84.00   92.68 
  44.00  -84.00  105.09 
  45.00  -84.00  106.84 
  46.00  -84.00  103.67 
  47.00  -84.00  100.50 
  48.00  -84.00   97.34 
  49.00  -84.00  104.35 
  50.00  -84.00  114.69 
  51.00  -84.00  125.37 
  52.00  -84.00  136.05 
  53.00  -84.00  140.33 
  54.00  -84.00  141.92 
  55.00  -84.00  143.52 
  56.00  -84.00  145.11 
  57.00  -84.00  145.69 
  58.00  -84.00  139.12 
  59.00  -84.00  132.54 
  60.00  -84.00  125.93 
  61.00  -84.00  119.25 
  62.00  -84.00  114.57 
  63.00  -84.00  109.89 
  64.00  -84.00  105.93 
  65.00  -84.00  103.91 
  66.00  -84.00  103.89 
  67.00  -84.00  104.18 
  68.00  -84.00  104.59 
  69.00  -84.00  105.01 
  70.00  -84.00   81.50 
  71.00  -84.00   57.17 
  72.00  -84.00   53.80 
  73.00  -84.00   50.43 
  40.00  -83.00   51.35 
  41.00  -83.00   66.89 
  42.00  -83.00   79.61 
  43.00  -83.00   92.33 
  44.00  -83.00  103.66 
  45.00  -83.00  109.09 
  46.00  -83.00  105.92 
  47.00  -83.00  102.75 
  48.00  -83.00  101.78 
  49.00  -83.00  108.19 
  50.00  -83.00  118.52 
  51.00  -83.00  128.85 
  52.00  -83.00  139.18 
  53.00  -83.00  142.10 
  54.00  -83.00  143.86 
  55.00  -83.00  145.62 
  56.00  -83.00  147.39 
  57.00  -83.00  143.90 
  58.00  -83.00  137.33 
  59.00  -83.00  130.75 
  60.00  -83.00  124.18 
  61.00  -83.00  118.16 
  62.00  -83.00  113.47 
  63.00  -83.00  108.79 
  64.00  -83.00  104.17 
  65.00  -83.00  102.53 
  66.00  -83.00  102.68 
  67.00  -83.00  103.09 
  68.00  -83.00  103.51 
  69.00  -83.00  103.84 
  70.00  -83.00   75.58 
  71.00  -83.00   64.93 
  72.00  -83.00   61.56 
  73.00  -83.00   58.20 
  41.00  -82.00   66.54 
  42.00  -82.00   79.26 
  43.00  -82.00   91.47 
  44.00  -82.00  102.23 
  45.00  -82.00  111.33 
  46.00  -82.00  108.16 
  47.00  -82.00  105.00 
  48.00  -82.00  107.33 
  49.00  -82.00  112.03 
  50.00  -82.00  122.36 
  51.00  -82.00  132.69 
  52.00  -82.00  140.29 
  53.00  -82.00  143.44 
  54.00  -82.00  145.20 
  55.00  -82.00  146.96 
  56.00  -82.00  148.46 
  57.00  -82.00  140.14 
  58.00  -82.00  134.00 
  59.00  -82.00  127.86 
  60.00  -82.00  121.72 
  61.00  -82.00  116.91 
  62.00  -82.00  112.37 
  63.00  -82.00  107.69 
  64.00  -82.00  103.01 
  65.00  -82.00  101.18 
  66.00  -82.00  101.60 
  67.00  -82.00  102.01 
  68.00  -82.00  102.42 
  69.00  -82.00   97.92 
  70.00  -82.00   76.06 
  71.00  -82.00   72.70 
  72.00  -82.00   69.33 
  73.00  -82.00   65.96 
  41.00  -81.00   65.50 
  42.00  -81.00   78.91 
  43.00  -81.00   90.05 
  44.00  -81.00  100.80 
  45.00  -81.00  111.56 
  46.00  -81.00  110.41 
  47.00  -81.00  109.33 
  48.00  -81.00  112.89 
  49.00  -81.00  116.45 
  50.00  -81.00  126.20 
  51.00  -81.00  136.53 
  52.00  -81.00  141.18 
  53.00  -81.00  144.78 
  54.00  -81.00  146.54 
  55.00  -81.00  148.30 
  56.00  -81.00  145.31 
  57.00  -81.00  136.23 
  58.00  -81.00  130.09 
  59.00  -81.00  123.95 
  60.00  -81.00  117.82 
  61.00  -81.00  113.71 
  62.00  -81.00  109.61 
  63.00  -81.00  105.50 
  64.00  -81.00  101.40 
  65.00  -81.00  100.10 
  66.00  -81.00  100.51 
  67.00  -81.00  100.93 
  68.00  -81.00  101.34 
  69.00  -81.00   92.00 
  70.00  -81.00   83.83 
  71.00  -81.00   80.46 
  72.00  -81.00   77.09 
  73.00  -81.00   70.55 
  41.00  -80.00   63.92 
  42.00  -80.00   77.86 
  43.00  -80.00   88.62 
  44.00  -80.00   99.37 
  45.00  -80.00  110.13 
  46.00  -80.00  112.65 
  47.00  -80.00  114.89 
  48.00  -80.00  118.45 
  49.00  -80.00  122.01 
  50.00  -80.00  130.04 
  51.00  -80.00  138.44 
  52.00  -80.00  142.07 
  53.00  -80.00  145.71 
  54.00  -80.00  147.88 
  55.00  -80.00  149.64 
  56.00  -80.00  142.16 
  57.00  -80.00  132.49 
  58.00  -80.00  126.18 
  59.00  -80.00  120.04 
  60.00  -80.00  114.62 
  61.00  -80.00  110.52 
  62.00  -80.00  106.41 
  63.00  -80.00  102.31 
  64.00  -80.00   98.01 
  65.00  -80.00   98.29 
  66.00  -80.00   99.01 
  67.00  -80.00   99.73 
  68.00  -80.00  100.26 
  69.00  -80.00   94.96 
  70.00  -80.00   91.59 
  71.00  -80.00   88.23 
  72.00  -80.00   84.86 
  73.00  -80.00   74.55 
  41.00  -79.00   60.90 
  42.00  -79.00   84.05 
  43.00  -79.00   92.59 
  44.00  -79.00  101.14 
  45.00  -79.00  109.69 
  46.00  -79.00  116.88 
  47.00  -79.00  120.44 
  48.00  -79.00  124.01 
  49.00  -79.00  127.57 
  50.00  -79.00  133.88 
  51.00  -79.00  139.33 
  52.00  -79.00  142.97 
  53.00  -79.00  146.60 
  54.00  -79.00  149.21 
  55.00  -79.00  148.68 
  56.00  -79.00  139.01 
  57.00  -79.00  129.34 
  58.00  -79.00  122.27 
  59.00  -79.00  116.13 
  60.00  -79.00  111.43 
  61.00  -79.00  107.32 
  62.00  -79.00  103.22 
  63.00  -79.00   98.89 
  64.00  -79.00   95.70 
  65.00  -79.00   96.42 
  66.00  -79.00   97.13 
  67.00  -79.00   97.85 
  68.00  -79.00   99.12 
  69.00  -79.00  100.65 
  70.00  -79.00   99.36 
  71.00  -79.00   95.99 
  72.00  -79.00   92.62 
  73.00  -79.00   78.55 
  41.00  -78.00   66.76 
  42.00  -78.00   94.69 
  43.00  -78.00  103.23 
  44.00  -78.00  111.78 
  45.00  -78.00  120.33 
  46.00  -78.00  124.72 
  47.00  -78.00  127.70 
  48.00  -78.00  130.69 
  49.00  -78.00  133.67 
  50.00  -78.00  136.59 
  51.00  -78.00  140.23 
  52.00  -78.00  143.86 
  53.00  -78.00  147.50 
  54.00  -78.00  150.55 
  55.00  -78.00  145.53 
  56.00  -78.00  135.86 
  57.00  -78.00  126.19 
  58.00  -78.00  118.37 
  59.00  -78.00  112.34 
  60.00  -78.00  108.23 
  61.00  -78.00  104.11 
  62.00  -78.00   99.78 
  63.00  -78.00   95.44 
  64.00  -78.00   93.83 
  65.00  -78.00   94.54 
  66.00  -78.00   95.26 
  67.00  -78.00   96.65 
  68.00  -78.00  100.02 
  69.00  -78.00  100.89 
  70.00  -78.00  101.77 
  71.00  -78.00  102.64 
  72.00  -78.00  100.39 
  73.00  -78.00   82.54 
  74.00  -78.00   52.22 
  41.00  -77.00   72.61 
  42.00  -77.00  103.80 
  43.00  -77.00  113.87 
  44.00  -77.00  122.42 
  45.00  -77.00  128.48 
  46.00  -77.00  132.75 
  47.00  -77.00  135.83 
  48.00  -77.00  138.82 
  49.00  -77.00  141.80 
  50.00  -77.00  139.86 
  51.00  -77.00  142.66 
  52.00  -77.00  145.68 
  53.00  -77.00  148.69 
  54.00  -77.00  151.89 
  55.00  -77.00  142.38 
  56.00  -77.00  132.71 
  57.00  -77.00  123.04 
  58.00  -77.00  114.46 
  59.00  -77.00  109.14 
  60.00  -77.00  105.00 
  61.00  -77.00  100.66 
  62.00  -77.00   96.32 
  63.00  -77.00   91.99 
  64.00  -77.00   91.95 
  65.00  -77.00   92.67 
  66.00  -77.00   94.18 
  67.00  -77.00   97.61 
  68.00  -77.00  100.26 
  69.00  -77.00  101.14 
  70.00  -77.00  102.01 
  71.00  -77.00  102.89 
  72.00  -77.00  103.76 
  73.00  -77.00   86.54 
  74.00  -77.00   56.22 
  41.00  -76.00   78.47 
  42.00  -76.00  109.66 
  43.00  -76.00  124.51 
  44.00  -76.00  132.08 
  45.00  -76.00  136.35 
  46.00  -76.00  140.62 
  47.00  -76.00  143.96 
  48.00  -76.00  146.95 
  49.00  -76.00  147.67 
  50.00  -76.00  144.17 
  51.00  -76.00  145.76 
  52.00  -76.00  148.77 
  53.00  -76.00  151.79 
  54.00  -76.00  149.07 
  55.00  -76.00  139.42 
  56.00  -76.00  129.61 
  57.00  -76.00  119.89 
  58.00  -76.00  110.55 
  59.00  -76.00  105.88 
  60.00  -76.00  101.54 
  61.00  -76.00   97.21 
  62.00  -76.00   92.87 
  63.00  -76.00   89.36 
  64.00  -76.00   90.08 
  65.00  -76.00   91.70 
  66.00  -76.00   95.13 
  67.00  -76.00   98.56 
  68.00  -76.00  100.51 
  69.00  -76.00  101.38 
  70.00  -76.00  102.26 
  71.00  -76.00  103.13 
  72.00  -76.00   90.11 
  73.00  -76.00   76.07 
  74.00  -76.00   60.21 
  40.00  -75.00   53.14 
  41.00  -75.00   84.33 
  42.00  -75.00  115.52 
  43.00  -75.00  135.15 
  44.00  -75.00  139.95 
  45.00  -75.00  144.22 
  46.00  -75.00  148.49 
  47.00  -75.00  152.09 
  48.00  -75.00  155.08 
  49.00  -75.00  151.98 
  50.00  -75.00  148.48 
  51.00  -75.00  148.86 
  52.00  -75.00  151.87 
  53.00  -75.00  154.43 
  54.00  -75.00  146.08 
  55.00  -75.00  136.66 
  56.00  -75.00  126.85 
  57.00  -75.00  117.05 
  58.00  -75.00  107.92 
  59.00  -75.00  102.43 
  60.00  -75.00   98.09 
  61.00  -75.00   93.75 
  62.00  -75.00   89.42 
  63.00  -75.00   87.48 
  64.00  -75.00   89.23 
  65.00  -75.00   92.66 
  66.00  -75.00   96.09 
  67.00  -75.00   99.52 
  68.00  -75.00  100.75 
  69.00  -75.00  101.63 
  70.00  -75.00  102.50 
  71.00  -75.00   89.60 
  72.00  -75.00   76.18 
  73.00  -75.00   62.12 
  41.00  -74.00   82.58 
  42.00  -74.00  116.58 
  43.00  -74.00  138.14 
  44.00  -74.00  147.82 
  45.00  -74.00  152.09 
  46.00  -74.00  156.36 
  47.00  -74.00  160.22 
  48.00  -74.00  159.79 
  49.00  -74.00  156.29 
  50.00  -74.00  152.79 
  51.00  -74.00  151.96 
  52.00  -74.00  154.97 
  53.00  -74.00  151.43 
  54.00  -74.00  143.08 
  55.00  -74.00  133.90 
  56.00  -74.00  124.09 
  57.00  -74.00  114.29 
  58.00  -74.00  107.20 
  59.00  -74.00  101.57 
  60.00  -74.00   95.94 
  61.00  -74.00   90.31 
  62.00  -74.00   85.97 
  63.00  -74.00   86.76 
  64.00  -74.00   90.19 
  65.00  -74.00   93.62 
  66.00  -74.00   97.05 
  67.00  -74.00  100.12 
  68.00  -74.00  101.00 
  69.00  -74.00  101.87 
  70.00  -74.00   89.09 
  71.00  -74.00   75.86 
  72.00  -74.00   62.23 
  41.00  -73.00   76.95 
  42.00  -73.00  101.07 
  43.00  -73.00  111.05 
  44.00  -73.00  125.70 
  45.00  -73.00  140.35 
  46.00  -73.00  155.01 
  47.00  -73.00  167.60 
  48.00  -73.00  164.10 
  49.00  -73.00  160.60 
  50.00  -73.00  157.10 
  51.00  -73.00  155.05 
  52.00  -73.00  156.78 
  53.00  -73.00  148.43 
  54.00  -73.00  140.08 
  55.00  -73.00  131.14 
  56.00  -73.00  121.33 
  57.00  -73.00  112.13 
  58.00  -73.00  106.49 
  59.00  -73.00  100.86 
  60.00  -73.00   95.23 
  61.00  -73.00   89.60 
  62.00  -73.00   85.58 
  63.00  -73.00   87.71 
  64.00  -73.00   91.14 
  65.00  -73.00   94.57 
  66.00  -73.00   98.00 
  67.00  -73.00  100.37 
  68.00  -73.00  101.24 
  69.00  -73.00   88.59 
  70.00  -73.00   75.35 
  71.00  -73.00   62.11 
  41.00  -72.00   65.73 
  42.00  -72.00   74.84 
  43.00  -72.00   83.95 
  44.00  -72.00   98.60 
  45.00  -72.00  113.26 
  46.00  -72.00  127.91 
  47.00  -72.00  140.50 
  48.00  -72.00  149.11 
  49.00  -72.00  157.62 
  50.00  -72.00  161.41 
  51.00  -72.00  158.15 
  52.00  -72.00  153.78 
  53.00  -72.00  145.43 
  54.00  -72.00  137.08 
  55.00  -72.00  128.38 
  56.00  -72.00  118.58 
  57.00  -72.00  111.41 
  58.00  -72.00  105.78 
  59.00  -72.00  100.15 
  60.00  -72.00   94.81 
  61.00  -72.00   89.71 
  62.00  -72.00   88.94 
  63.00  -72.00   90.82 
  64.00  -72.00   92.70 
  65.00  -72.00   95.53 
  66.00  -72.00   98.96 
  67.00  -72.00  100.61 
  68.00  -72.00   88.08 
  69.00  -72.00   74.84 
  70.00  -72.00   61.61 
  43.00  -71.00   57.73 
  44.00  -71.00   71.51 
  45.00  -71.00   86.16 
  46.00  -71.00   99.30 
  47.00  -71.00  111.61 
  48.00  -71.00  120.76 
  49.00  -71.00  129.27 
  50.00  -71.00  137.77 
  51.00  -71.00  147.56 
  52.00  -71.00  150.19 
  53.00  -71.00  142.43 
  54.00  -71.00  134.08 
  55.00  -71.00  125.62 
  56.00  -71.00  116.34 
  57.00  -71.00  110.70 
  58.00  -71.00  105.23 
  59.00  -71.00  100.13 
  60.00  -71.00   95.02 
  61.00  -71.00   90.42 
  62.00  -71.00   92.30 
  63.00  -71.00   94.18 
  64.00  -71.00   96.06 
  65.00  -71.00   97.94 
  66.00  -71.00   99.92 
  67.00  -71.00   87.57 
  68.00  -71.00   74.34 
  69.00  -71.00   61.10 
  45.00  -70.00   58.11 
  46.00  -70.00   70.41 
  47.00  -70.00   82.72 
  48.00  -70.00   92.41 
  49.00  -70.00  100.92 
  50.00  -70.00  109.42 
  51.00  -70.00  122.60 
  52.00  -70.00  126.71 
  53.00  -70.00  127.89 
  54.00  -70.00  129.07 
  55.00  -70.00  122.73 
  56.00  -70.00  115.65 
  57.00  -70.00  110.55 
  58.00  -70.00  105.44 
  59.00  -70.00  100.34 
  60.00  -70.00   95.23 
  61.00  -70.00   93.78 
  62.00  -70.00   95.66 
  63.00  -70.00   97.54 
  64.00  -70.00   99.42 
  65.00  -70.00   95.95 
  66.00  -70.00   87.17 
  67.00  -70.00   73.83 
  68.00  -70.00   60.59 
  47.00  -69.00   53.83 
  48.00  -69.00   64.06 
  49.00  -69.00   72.57 
  50.00  -69.00   84.35 
  51.00  -69.00   97.64 
  52.00  -69.00  103.23 
  53.00  -69.00  104.41 
  54.00  -69.00  105.59 
  55.00  -69.00  107.91 
  56.00  -69.00  114.82 
  57.00  -69.00  110.76 
  58.00  -69.00  105.65 
  59.00  -69.00  100.54 
  60.00  -69.00   95.44 
  61.00  -69.00   97.14 
  62.00  -69.00   99.02 
  63.00  -69.00   97.20 
  64.00  -69.00   91.32 
  65.00  -69.00   85.45 
  66.00  -69.00   73.54 
  67.00  -69.00   60.20 
  50.00  -68.00   59.39 
  51.00  -68.00   72.68 
  52.00  -68.00   79.74 
  53.00  -68.00   80.93 
  54.00  -68.00   82.11 
  55.00  -68.00   88.22 
  56.00  -68.00   95.13 
  57.00  -68.00  102.04 
  58.00  -68.00  105.86 
  59.00  -68.00  100.75 
  60.00  -68.00   98.62 
  61.00  -68.00   98.44 
  62.00  -68.00   92.57 
  63.00  -68.00   86.70 
  64.00  -68.00   80.82 
  65.00  -68.00   73.24 
  66.00  -68.00   59.90 
  52.00  -67.00   56.26 
  53.00  -67.00   57.44 
  54.00  -67.00   61.61 
  55.00  -67.00   68.52 
  56.00  -67.00   75.43 
  57.00  -67.00   82.34 
  58.00  -67.00   89.25 
  59.00  -67.00   98.90 
  60.00  -67.00   93.82 
  61.00  -67.00   87.94 
  62.00  -67.00   82.07 
  63.00  -67.00   76.19 
  64.00  -67.00   70.32 
  65.00  -67.00   59.61 
  56.00  -66.00   56.91 
  57.00  -66.00   77.77 
  58.00  -66.00   98.64 
  59.00  -66.00  101.49 
  60.00  -66.00   87.85 
  61.00  -66.00   77.44 
  62.00  -66.00   71.57 
  63.00  -66.00   65.69 
  64.00  -66.00   59.31 
  55.00  -65.00   56.65 
  56.00  -65.00   77.51 
  57.00  -65.00   98.38 
  58.00  -65.00  114.25 
  59.00  -65.00  100.61 
  60.00  -65.00   86.97 
  61.00  -65.00   73.33 
  62.00  -65.00   61.07 
  63.00  -65.00   55.19 
  54.00  -64.00   56.39 
  55.00  -64.00   77.25 
  56.00  -64.00   98.12 
  57.00  -64.00  118.98 
  58.00  -64.00  113.37 
  59.00  -64.00   99.73 
  60.00  -64.00   86.09 
  61.00  -64.00   72.45 
  62.00  -64.00   58.80 
  54.00  -63.00   72.92 
  55.00  -63.00   97.85 
  56.00  -63.00  118.72 
  57.00  -63.00  126.13 
  58.00  -63.00  112.49 
  59.00  -63.00   98.85 
  60.00  -63.00   83.80 
  61.00  -63.00   64.76 
  54.00  -62.00   70.73 
  55.00  -62.00  107.12 
  56.00  -62.00  138.89 
  57.00  -62.00  121.64 
  58.00  -62.00  102.60 
  59.00  -62.00   83.56 
  60.00  -62.00   64.52 
  54.00  -61.00   68.54 
  55.00  -61.00  104.93 
  56.00  -61.00  108.14 
  57.00  -61.00  102.35 
  58.00  -61.00   83.32 
  59.00  -61.00   64.28 
  54.00  -60.00   66.34 
  55.00  -60.00   76.43 
  56.00  -60.00   72.24 
  57.00  -60.00   68.05 
  58.00  -60.00   63.86 
